.916  0.932  0.900  0.923  0.855  0.884  0.923  0.911  0.915  0.910  0.909  0.913  0.909  0.907  0.898  0.898  0.884  0.678  0.862  0.894  0.890  0.835  0.868  0.883  0.888  0.898  0.743  0.864  0.870  0.896  0.791  0.848  0.764  0.863  0.881  0.877  0.846  0.847  0.814  0.833  0.850  0.797  0.837  0.788  0.775  0.825  0.858  0.835  0.852  0.842  0.803  0.822  0.828  0.805  0.762  0.819  0.821  0.807  0.820  0.819  0.848  0.822  0.822  0.789  0.782  0.819  0.794  0.809  0.732  0.815  0.668  0.769  0.786  0.801  0.776  0.778  0.784  0.781  0.771  0.776  0.741  0.738  0.772  0.778  0.783  0.792  0.729  0.749  0.769  0.694  0.759  0.753  0.730  0.752  0.751  0.734  0.758  0.763  0.752  0.742  0.733  0.742  0.727  0.733  0.728  0.743  0.707  0.500  0.556  0.683  0.716  0.699  0.712  0.713  0.687  0.690  0.698  0.685  0.600  0.686  0.679  0.676  0.661  0.673  0.607  0.666  0.661  0.659  0.669  0.668  0.645  0.650  0.664
0.824  0.686  0.773  0.774  0.713  0.701  0.677  0.772  0.741  0.728  0.750  0.827  0.816  0.796  0.774  0.811  0.824  0.791  0.798  0.770  0.787  0.761  0.821  0.859  0.814  0.755  0.808  0.821  0.798  0.796  0.784  0.728  0.814  0.000  0.779  0.772  0.808  0.775  0.726  0.758  0.778  0.788  0.799  0.783  0.768  0.770  0.765  0.779  0.721  0.773  0.802  0.781  0.778  0.787  0.771  0.758  0.792  0.818  0.777  0.785  0.778  0.765  0.797  0.788  0.762  0.802  0.795  0.778  0.779  0.798  0.736  0.789  0.793  0.763  0.780  0.801  0.777  0.761  0.788  0.785  0.795  0.778  0.757  0.788  0.787  0.788  0.799  0.787  0.791  0.732  0.780  0.765  0.763  0.775  0.796  0.783  0.771  0.785  0.782  0.760  0.775  0.769  0.782  0.774  0.774  0.761  0.676  0.716  0.718  0.753  0.745  0.765  0.756  0.775  0.765  0.654  0.715  0.591  0.724  0.760  0.751  0.749  0.731  0.775  0.683  0.755  0.746  0.745  0.747  0.704  0.762  0.737  0.699  0.712  0.701  0.661  0.695  0.703  0.715  0.652  0.687  0.694  0.673  0.704  0.708  0.731  0.705  0.710  0.696  0.690  0.701  0.685  0.727  0.660  0.686  0.674  0.632  0.685  0.695  0.704  0.662  0.734  0.663  0.722  0.720  0.710  0.649  0.649  0.657  0.648  0.665  0.662  0.685  0.672  0.658  0.653  0.628  0.594  0.642  0.629  0.689  0.658  0.624  0.638  0.621  0.647  0.623  0.607  0.613  0.657  0.638  0.633  0.485  0.515  0.588  0.608  0.595  0.594  0.599  0.586  0.591  0.631  0.584  0.555  0.573  0.566  0.570  0.561  0.567  0.540  0.574  0.565  0.559  0.558  0.557  0.564  0.565  0.557
0.939  0.833  0.906  0.835  0.829  0.846  0.794  0.919  0.835  0.840  0.920  0.923  0.935  0.951  0.914  0.921  0.915  0.946  0.932  0.933  0.951  0.932  0.825  0.889  0.924  0.929  0.955  0.929  0.947  0.946  0.886  0.889  0.941  0.779  0.000  0.938  0.934  0.945  0.898  0.924  0.957  0.949  0.954  0.965  0.913  0.961  0.961  0.959  0.865  0.965  0.944  0.947  0.955  0.961  0.938  0.934  0.940  0.937  0.936  0.953  0.952  0.930  0.927  0.944  0.938  0.907  0.951  0.912  0.928  0.950  0.879  0.939  0.923  0.900  0.942  0.914  0.931  0.905  0.894  0.919  0.913  0.935  0.887  0.905  0.917  0.925  0.900  0.868  0.903  0.814  0.887  0.884  0.875  0.911  0.900  0.898  0.921  0.855  0.895  0.906  0.877  0.862  0.659  0.833  0.898  0.886  0.874  0.901  0.882  0.898  0.895  0.720  0.862  0.861  0.872  0.794  0.860  0.716  0.860  0.869  0.885  0.823  0.862  0.805  0.870  0.846  0.775  0.797  0.771  0.748  0.820  0.868  0.828  0.859  0.841  0.826  0.816  0.812  0.802  0.754  0.812  0.837  0.810  0.831  0.813  0.839  0.821  0.815  0.766  0.780  0.821  0.796  0.807  0.721  0.809  0.667  0.794  0.787  0.764  0.739  0.778  0.780  0.759  0.756  0.743  0.734  0.740  0.793  0.773  0.783  0.784  0.684  0.730  0.767  0.676  0.768  0.757  0.721  0.760  0.756  0.733  0.749  0.756  0.752  0.754  0.730  0.722  0.734  0.742  0.702  0.716  0.707  0.503  0.558  0.662  0.715  0.714  0.696  0.711  0.674  0.684  0.694  0.683  0.605  0.691  0.695  0.692  0.680  0.674  0.612  0.666  0.659  0.667  0.672  0.675  0.659  0.659  0.668
0.905  0.805  0.867  0.813  0.806  0.822  0.768  0.888  0.803  0.817  0.912  0.907  0.911  0.922  0.883  0.895  0.897  0.917  0.897  0.908  0.930  0.905  0.793  0.869  0.889  0.915  0.927  0.905  0.922  0.920  0.865  0.872  0.911  0.772  0.938  0.000  0.932  0.914  0.876  0.906  0.934  0.914  0.928  0.933  0.932  0.935  0.935  0.955  0.854  0.925  0.917  0.940  0.940  0.931  0.906  0.912  0.913  0.920  0.915  0.939  0.930  0.906  0.903  0.916  0.930  0.889  0.929  0.887  0.908  0.934  0.866  0.918  0.910  0.879  0.918  0.894  0.903  0.880  0.885  0.887  0.894  0.906  0.857  0.879  0.900  0.899  0.879  0.850  0.878  0.795  0.860  0.865  0.853  0.884  0.880  0.876  0.903  0.838  0.879  0.875  0.859  0.850  0.658  0.812  0.877  0.878  0.839  0.871  0.861  0.891  0.865  0.709  0.863  0.842  0.859  0.768  0.833  0.697  0.839  0.844  0.857  0.805  0.832  0.788  0.841  0.833  0.763  0.788  0.762  0.740  0.811  0.838  0.815  0.840  0.829  0.795  0.796  0.797  0.771  0.744  0.798  0.807  0.781  0.805  0.801  0.821  0.800  0.793  0.753  0.759  0.809  0.798  0.788  0.730  0.790  0.660  0.768  0.768  0.752  0.726  0.767  0.761  0.740  0.740  0.727  0.716  0.714  0.771  0.750  0.770  0.766  0.675  0.722  0.755  0.669  0.759  0.731  0.712  0.749  0.742  0.715  0.732  0.732  0.734  0.724  0.710  0.702  0.716  0.724  0.689  0.698  0.687  0.502  0.552  0.657  0.700  0.695  0.680  0.697  0.664  0.672  0.681  0.672  0.587  0.662  0.659  0.668  0.655  0.656  0.593  0.646  0.648  0.646  0.654  0.657  0.639  0.643  0.645
0.912  0.809  0.877  0.870  0.822  0.813  0.779  0.899  0.814  0.815  0.883  0.922  0.927  0.917  0.894  0.895  0.911  0.911  0.914  0.892  0.916  0.904  0.829  0.892  0.896  0.897  0.925  0.902  0.920  0.922  0.875  0.857  0.910  0.808  0.934  0.932  0.000  0.908  0.868  0.885  0.929  0.917  0.934  0.928  0.878  0.928  0.928  0.952  0.836  0.924  0.941  0.914  0.932  0.926  0.909  0.903  0.915  0.918  0.907  0.927  0.927  0.893  0.912  0.921  0.910  0.894  0.929  0.891  0.903  0.920  0.858  0.913  0.898  0.884  0.910  0.903  0.902  0.871  0.880  0.894  0.894  0.902  0.858  0.881  0.889  0.898  0.886  0.844  0.882  0.787  0.870  0.863  0.851  0.883  0.879  0.867  0.899  0.854  0.873  0.878  0.854  0.851  0.707  0.813  0.880  0.871  0.836  0.865  0.855  0.873  0.870  0.710  0.843  0.849  0.856  0.777  0.839  0.687  0.840  0.848  0.867  0.807  0.842  0.813  0.842  0.838  0.773  0.788  0.755  0.745  0.840  0.847  0.808  0.841  0.836  0.806  0.795  0.798  0.830  0.738  0.789  0.807  0.782  0.836  0.798  0.823  0.810  0.798  0.757  0.775  0.798  0.783  0.802  0.722  0.798  0.688  0.764  0.773  0.754  0.733  0.755  0.788  0.746  0.778  0.745  0.729  0.715  0.774  0.753  0.761  0.761  0.682  0.730  0.757  0.711  0.754  0.731  0.706  0.747  0.732  0.738  0.752  0.730  0.732  0.741  0.724  0.704  0.718  0.719  0.705  0.727  0.727  0.538  0.582  0.668  0.704  0.699  0.687  0.697  0.674  0.676  0.692  0.679  0.619  0.670  0.670  0.674  0.664  0.665  0.600  0.652  0.646  0.648  0.655  0.662  0.652  0.656  0.649
0.930  0.851  0.917  0.816  0.850  0.878  0.806  0.900  0.823  0.825  0.903  0.916  0.917  0.933  0.894  0.896  0.903  0.923  0.929  0.908  0.946  0.907  0.820  0.877  0.910  0.904  0.930  0.920  0.933  0.944  0.862  0.890  0.931  0.775  0.945  0.914  0.908  0.000  0.895  0.937  0.953  0.924  0.943  0.938  0.889  0.922  0.931  0.935  0.876  0.936  0.918  0.918  0.940  0.940  0.907  0.901  0.916  0.915  0.925  0.946  0.924  0.921  0.913  0.918  0.920  0.886  0.926  0.895  0.914  0.931  0.861  0.938  0.923  0.880  0.926  0.913  0.903  0.891  0.883  0.904  0.908  0.923  0.872  0.890  0.906  0.909  0.884  0.864  0.886  0.794  0.883  0.876  0.861  0.888  0.890  0.900  0.910  0.847  0.889  0.882  0.867  0.865  0.654  0.819  0.885  0.880  0.842  0.869  0.881  0.889  0.868  0.719  0.844  0.848  0.882  0.798  0.854  0.765  0.870  0.854  0.860  0.813  0.839  0.806  0.844  0.847  0.770  0.799  0.775  0.760  0.811  0.843  0.831  0.846  0.833  0.807  0.812  0.809  0.784  0.753  0.804  0.805  0.798  0.811  0.806  0.827  0.803  0.801  0.762  0.767  0.813  0.794  0.798  0.720  0.808  0.665  0.768  0.787  0.768  0.739  0.762  0.781  0.745  0.747  0.736  0.731  0.725  0.777  0.757  0.782  0.782  0.683  0.727  0.771  0.688  0.760  0.740  0.740  0.751  0.747  0.735  0.740  0.752  0.741  0.740  0.715  0.708  0.720  0.732  0.697  0.709  0.695  0.491  0.541  0.676  0.700  0.697  0.688  0.701  0.671  0.680  0.686  0.678  0.595  0.674  0.674  0.675  0.662  0.658  0.609  0.658  0.651  0.657  0.668  0.671  0.655  0.646  0.664
0.888  0.901  0.886  0.798  0.847  0.908  0.770  0.858  0.785  0.788  0.922  0.907  0.867  0.882  0.843  0.855  0.850  0.877  0.873  0.846  0.918  0.861  0.767  0.840  0.867  0.867  0.889  0.879  0.917  0.895  0.824  0.960  0.916  0.726  0.898  0.876  0.868  0.895  0.000  0.920  0.909  0.892  0.892  0.895  0.849  0.900  0.889  0.900  0.946  0.892  0.877  0.887  0.944  0.936  0.879  0.878  0.890  0.886  0.906  0.922  0.890  0.937  0.869  0.885  0.920  0.859  0.896  0.867  0.912  0.892  0.849  0.893  0.886  0.855  0.925  0.884  0.882  0.906  0.858  0.908  0.915  0.920  0.832  0.875  0.910  0.873  0.851  0.862  0.848  0.776  0.848  0.885  0.825  0.857  0.850  0.884  0.881  0.852  0.871  0.863  0.844  0.879  0.628  0.791  0.850  0.880  0.835  0.851  0.889  0.878  0.843  0.681  0.820  0.803  0.842  0.800  0.838  0.823  0.855  0.850  0.839  0.788  0.818  0.807  0.830  0.829  0.739  0.774  0.740  0.771  0.795  0.822  0.855  0.817  0.805  0.774  0.786  0.789  0.746  0.724  0.776  0.785  0.766  0.782  0.778  0.816  0.792  0.777  0.729  0.731  0.812  0.772  0.770  0.698  0.802  0.625  0.746  0.759  0.737  0.708  0.733  0.750  0.724  0.717  0.711  0.692  0.698  0.749  0.739  0.784  0.774  0.658  0.703  0.739  0.662  0.736  0.724  0.765  0.731  0.727  0.699  0.723  0.752  0.725  0.734  0.701  0.685  0.703  0.724  0.678  0.705  0.670  0.499  0.559  0.699  0.689  0.676  0.668  0.679  0.690  0.662  0.667  0.691  0.581  0.659  0.652  0.654  0.647  0.639  0.578  0.639  0.637  0.636  0.664  0.676  0.617  0.631  0.647
0.920  0.872  0.918  0.802  0.858  0.908  0.796  0.878  0.814  0.821  0.920  0.927  0.918  0.935  0.879  0.889  0.894  0.927  0.905  0.926  0.954  0.902  0.810  0.862  0.889  0.905  0.910  0.905  0.937  0.917  0.842  0.915  0.937  0.758  0.924  0.906  0.885  0.937  0.920  0.000  0.934  0.905  0.923  0.930  0.892  0.902  0.921  0.917  0.903  0.912  0.918  0.915  0.940  0.937  0.881  0.881  0.895  0.910  0.914  0.935  0.901  0.924  0.899  0.895  0.930  0.884  0.914  0.874  0.906  0.912  0.845  0.913  0.910  0.864  0.923  0.895  0.889  0.896  0.883  0.905  0.916  0.922  0.849  0.889  0.919  0.893  0.876  0.879  0.872  0.782  0.864  0.886  0.856  0.869  0.880  0.913  0.896  0.855  0.879  0.866  0.852  0.876  0.648  0.819  0.868  0.880  0.829  0.857  0.893  0.891  0.850  0.724  0.834  0.835  0.867  0.806  0.855  0.823  0.869  0.856  0.846  0.815  0.826  0.813  0.831  0.839  0.762  0.804  0.758  0.777  0.806  0.832  0.846  0.829  0.811  0.782  0.798  0.796  0.766  0.740  0.785  0.793  0.780  0.789  0.790  0.823  0.791  0.792  0.754  0.750  0.812  0.795  0.786  0.731  0.805  0.657  0.757  0.787  0.767  0.732  0.763  0.767  0.745  0.739  0.736  0.730  0.718  0.761  0.742  0.788  0.785  0.682  0.728  0.759  0.681  0.751  0.726  0.754  0.737  0.747  0.733  0.737  0.753  0.741  0.738  0.708  0.696  0.709  0.728  0.700  0.712  0.686  0.496  0.541  0.695  0.691  0.684  0.683  0.691  0.679  0.662  0.682  0.680  0.585  0.665  0.659  0.663  0.650  0.649  0.584  0.642  0.638  0.642  0.673  0.677  0.634  0.638  0.656
0.921  0.858  0.916  0.836  0.851  0.872  0.814  0.928  0.832  0.842  0.911  0.924  0.924  0.945  0.914  0.920  0.907  0.938  0.940  0.916  0.950  0.926  0.814  0.880  0.917  0.922  0.955  0.922  0.949  0.955  0.894  0.907  0.942  0.778  0.957  0.934  0.929  0.953  0.909  0.934  0.000  0.954  0.964  0.961  0.904  0.955  0.945  0.951  0.895  0.954  0.938  0.947  0.966  0.960  0.940  0.932  0.941  0.936  0.965  0.965  0.949  0.942  0.938  0.946  0.942  0.893  0.947  0.922  0.946  0.946  0.897  0.951  0.932  0.907  0.951  0.920  0.934  0.905  0.894  0.933  0.923  0.942  0.893  0.902  0.921  0.927  0.906  0.870  0.913  0.823  0.885  0.902  0.881  0.919  0.903  0.905  0.932  0.874  0.907  0.918  0.891  0.883  0.654  0.833  0.899  0.901  0.865  0.890  0.902  0.908  0.894  0.721  0.879  0.863  0.895  0.806  0.869  0.752  0.878  0.863  0.884  0.816  0.867  0.817  0.880  0.853  0.772  0.807  0.777  0.750  0.823  0.864  0.837  0.872  0.859  0.834  0.840  0.839  0.810  0.784  0.831  0.838  0.821  0.845  0.835  0.844  0.823  0.822  0.780  0.791  0.836  0.805  0.811  0.734  0.835  0.678  0.807  0.797  0.779  0.745  0.782  0.795  0.779  0.765  0.756  0.742  0.751  0.806  0.785  0.805  0.799  0.690  0.738  0.791  0.692  0.791  0.770  0.767  0.786  0.780  0.759  0.761  0.769  0.757  0.771  0.746  0.733  0.753  0.764  0.713  0.735  0.722  0.511  0.564  0.688  0.730  0.726  0.717  0.731  0.693  0.710  0.702  0.698  0.609  0.701  0.700  0.700  0.690  0.688  0.621  0.683  0.680  0.684  0.687  0.696  0.675  0.677  0.685
0.914  0.832  0.900  0.838  0.824  0.831  0.807  0.937  0.839  0.845  0.897  0.914  0.929  0.947  0.923  0.933  0.905  0.939  0.917  0.915  0.935  0.926  0.805  0.885  0.930  0.921  0.970  0.927  0.944  0.940  0.907  0.884  0.945  0.788  0.949  0.914  0.917  0.924  0.892  0.905  0.954  0.000  0.956  0.959  0.888  0.961  0.931  0.942  0.863  0.958  0.925  0.933  0.951  0.957  0.944  0.917  0.952  0.938  0.946  0.953  0.949  0.931  0.927  0.958  0.929  0.892  0.949  0.945  0.949  0.947  0.897  0.943  0.917  0.924  0.941  0.909  0.943  0.905  0.890  0.934  0.920  0.937  0.891  0.907  0.915  0.931  0.922  0.865  0.926  0.848  0.875  0.904  0.903  0.935  0.911  0.890  0.922  0.875  0.911  0.925  0.902  0.867  0.656  0.847  0.904  0.886  0.853  0.884  0.872  0.886  0.906  0.713  0.891  0.878  0.888  0.783  0.853  0.709  0.867  0.860  0.889  0.822  0.867  0.809  0.854  0.847  0.783  0.812  0.788  0.735  0.820  0.868  0.817  0.878  0.861  0.841  0.845  0.847  0.827  0.792  0.845  0.855  0.840  0.856  0.844  0.848  0.832  0.832  0.786  0.793  0.838  0.805  0.818  0.722  0.835  0.675  0.813  0.789  0.785  0.760  0.796  0.798  0.793  0.778  0.769  0.742  0.754  0.813  0.799  0.798  0.798  0.704  0.740  0.787  0.688  0.786  0.786  0.737  0.781  0.772  0.747  0.769  0.765  0.761  0.773  0.751  0.755  0.761  0.766  0.722  0.747  0.740  0.511  0.570  0.676  0.740  0.738  0.732  0.741  0.696  0.721  0.710  0.700  0.619  0.715  0.718  0.714  0.700  0.704  0.638  0.695  0.691  0.690  0.693  0.692  0.681  0.685  0.689
0.925  0.832  0.909  0.841  0.847  0.850  0.813  0.928  0.839  0.838  0.901  0.933  0.943  0.950  0.930  0.934  0.923  0.943  0.944  0.925  0.944  0.925  0.833  0.895  0.931  0.920  0.962  0.932  0.952  0.945  0.905  0.888  0.944  0.799  0.954  0.928  0.934  0.943  0.892  0.923  0.964  0.956  0.000  0.963  0.899  0.952  0.938  0.945  0.869  0.960  0.944  0.942  0.958  0.958  0.941  0.912  0.943  0.942  0.954  0.960  0.943  0.929  0.939  0.954  0.932  0.896  0.949  0.939  0.947  0.950  0.899  0.948  0.927  0.914  0.947  0.922  0.937  0.908  0.898  0.933  0.927  0.939  0.898  0.915  0.925  0.937  0.918  0.877  0.931  0.836  0.881  0.907  0.889  0.929  0.915  0.904  0.925  0.881  0.911  0.926  0.899  0.885  0.691  0.850  0.905  0.895  0.854  0.884  0.884  0.897  0.896  0.736  0.891  0.877  0.896  0.790  0.859  0.729  0.870  0.870  0.890  0.831  0.861  0.815  0.860  0.855  0.795  0.812  0.791  0.753  0.834  0.870  0.834  0.876  0.859  0.838  0.845  0.840  0.824  0.784  0.827  0.848  0.832  0.851  0.844  0.850  0.834  0.831  0.796  0.798  0.839  0.811  0.823  0.730  0.834  0.687  0.816  0.800  0.787  0.761  0.794  0.809  0.795  0.788  0.772  0.761  0.758  0.815  0.795  0.801  0.806  0.703  0.755  0.804  0.703  0.795  0.777  0.751  0.787  0.782  0.765  0.775  0.767  0.764  0.772  0.747  0.748  0.759  0.769  0.723  0.746  0.739  0.532  0.585  0.692  0.735  0.732  0.730  0.739  0.703  0.719  0.713  0.706  0.634  0.707  0.710  0.708  0.697  0.695  0.630  0.693  0.686  0.688  0.692  0.697  0.683  0.687  0.691
0.924  0.824  0.900  0.829  0.826  0.836  0.795  0.929  0.845  0.851  0.899  0.924  0.940  0.950  0.920  0.929  0.912  0.947  0.932  0.930  0.955  0.939  0.825  0.881  0.926  0.940  0.963  0.930  0.952  0.938  0.905  0.885  0.942  0.783  0.965  0.933  0.928  0.938  0.895  0.930  0.961  0.959  0.963  0.000  0.897  0.970  0.943  0.952  0.869  0.963  0.966  0.944  0.964  0.959  0.955  0.926  0.948  0.944  0.949  0.958  0.953  0.936  0.942  0.955  0.945  0.901  0.956  0.941  0.946  0.951  0.895  0.950  0.922  0.917  0.950  0.918  0.947  0.918  0.904  0.938  0.929  0.952  0.901  0.915  0.927  0.944  0.917  0.871  0.930  0.840  0.877  0.909  0.904  0.934  0.912  0.902  0.929  0.876  0.911  0.930  0.901  0.879  0.676  0.848  0.910  0.895  0.867  0.897  0.888  0.901  0.913  0.727  0.891  0.875  0.894  0.793  0.863  0.723  0.866  0.874  0.897  0.830  0.875  0.818  0.867  0.852  0.784  0.819  0.786  0.744  0.832  0.882  0.831  0.881  0.863  0.847  0.845  0.840  0.825  0.782  0.838  0.859  0.833  0.855  0.842  0.855  0.838  0.835  0.798  0.805  0.844  0.811  0.827  0.737  0.837  0.679  0.821  0.796  0.786  0.756  0.790  0.808  0.792  0.779  0.770  0.751  0.766  0.821  0.805  0.800  0.804  0.701  0.749  0.798  0.693  0.793  0.789  0.748  0.789  0.781  0.755  0.771  0.776  0.773  0.777  0.754  0.755  0.763  0.774  0.724  0.743  0.736  0.526  0.583  0.685  0.743  0.742  0.735  0.745  0.700  0.717  0.716  0.707  0.626  0.719  0.719  0.717  0.708  0.706  0.635  0.699  0.690  0.696  0.696  0.698  0.682  0.692  0.696
0.880  0.774  0.841  0.772  0.780  0.803  0.735  0.851  0.791  0.788  0.878  0.883  0.886  0.899  0.860  0.868  0.874  0.889  0.866  0.884  0.903  0.872  0.782  0.846  0.866  0.884  0.897  0.885  0.899  0.894  0.845  0.852  0.888  0.768  0.913  0.932  0.878  0.889  0.849  0.892  0.904  0.888  0.899  0.897  0.000  0.894  0.936  0.915  0.831  0.900  0.879  0.916  0.910  0.910  0.882  0.893  0.891  0.895  0.891  0.907  0.898  0.885  0.889  0.889  0.897  0.861  0.897  0.860  0.887  0.900  0.834  0.884  0.877  0.857  0.899  0.888  0.891  0.860  0.864  0.867  0.874  0.886  0.836  0.865  0.878  0.881  0.866  0.844  0.865  0.786  0.856  0.843  0.846  0.864  0.866  0.870  0.886  0.828  0.858  0.857  0.837  0.838  0.648  0.809  0.860  0.859  0.841  0.863  0.854  0.892  0.850  0.720  0.855  0.830  0.842  0.752  0.818  0.693  0.829  0.842  0.846  0.798  0.830  0.788  0.840  0.832  0.759  0.788  0.763  0.735  0.805  0.826  0.800  0.821  0.808  0.783  0.785  0.789  0.761  0.738  0.784  0.799  0.767  0.789  0.793  0.820  0.800  0.789  0.753  0.750  0.805  0.788  0.786  0.719  0.779  0.656  0.754  0.759  0.751  0.729  0.756  0.757  0.740  0.736  0.732  0.725  0.721  0.764  0.746  0.758  0.769  0.680  0.727  0.752  0.668  0.752  0.734  0.698  0.738  0.737  0.717  0.734  0.733  0.735  0.720  0.704  0.703  0.709  0.725  0.688  0.695  0.686  0.488  0.544  0.649  0.696  0.689  0.682  0.691  0.657  0.664  0.688  0.664  0.591  0.663  0.659  0.666  0.649  0.654  0.583  0.654  0.651  0.650  0.662  0.656  0.637  0.644  0.648
0.906  0.821  0.887  0.836  0.822  0.823  0.777  0.928  0.829  0.843  0.896  0.908  0.924  0.937  0.912  0.918  0.900  0.938  0.918  0.910  0.942  0.925  0.802  0.874  0.921  0.937  0.962  0.922  0.941  0.933  0.903  0.884  0.934  0.770  0.961  0.935  0.928  0.922  0.900  0.902  0.955  0.961  0.952  0.970  0.894  0.000  0.936  0.953  0.878  0.960  0.943  0.942  0.960  0.962  0.956  0.936  0.958  0.944  0.951  0.958  0.963  0.939  0.930  0.963  0.952  0.895  0.957  0.942  0.955  0.953  0.912  0.943  0.916  0.919  0.951  0.912  0.950  0.921  0.892  0.935  0.924  0.946  0.904  0.913  0.921  0.942  0.913  0.860  0.925  0.851  0.882  0.904  0.893  0.941  0.908  0.893  0.927  0.873  0.916  0.935  0.906  0.875  0.661  0.839  0.908  0.896  0.871  0.897  0.883  0.900  0.914  0.713  0.898  0.875  0.888  0.792  0.859  0.709  0.866  0.867  0.902  0.823  0.879  0.813  0.874  0.854  0.778  0.809  0.788  0.738  0.832  0.885  0.831  0.885  0.873  0.856  0.848  0.852  0.826  0.786  0.852  0.872  0.841  0.862  0.848  0.854  0.843  0.844  0.788  0.810  0.851  0.813  0.822  0.728  0.844  0.673  0.830  0.798  0.781  0.754  0.792  0.805  0.795  0.777  0.768  0.747  0.766  0.829  0.814  0.803  0.805  0.699  0.749  0.797  0.685  0.797  0.801  0.749  0.795  0.780  0.746  0.771  0.773  0.773  0.786  0.761  0.763  0.776  0.779  0.722  0.748  0.739  0.535  0.602  0.692  0.756  0.752  0.735  0.748  0.715  0.731  0.717  0.722  0.636  0.726  0.728  0.732  0.720  0.721  0.648  0.708  0.704  0.708  0.705  0.705  0.690  0.703  0.701
0.918  0.815  0.886  0.811  0.810  0.827  0.772  0.895  0.817  0.823  0.908  0.912  0.920  0.937  0.899  0.904  0.908  0.925  0.902  0.914  0.935  0.908  0.813  0.875  0.908  0.914  0.936  0.919  0.929  0.928  0.870  0.876  0.926  0.765  0.961  0.935  0.928  0.931  0.889  0.921  0.945  0.931  0.938  0.943  0.936  0.936  0.000  0.961  0.854  0.943  0.925  0.942  0.945  0.952  0.925  0.929  0.929  0.934  0.927  0.944  0.940  0.915  0.919  0.929  0.931  0.904  0.945  0.904  0.916  0.941  0.872  0.929  0.921  0.899  0.936  0.916  0.926  0.895  0.903  0.910  0.909  0.930  0.873  0.902  0.915  0.920  0.898  0.869  0.894  0.805  0.887  0.879  0.875  0.900  0.903  0.903  0.924  0.852  0.894  0.899  0.873  0.864  0.657  0.831  0.904  0.889  0.880  0.907  0.887  0.905  0.895  0.722  0.859  0.865  0.876  0.790  0.863  0.720  0.868  0.879  0.890  0.836  0.867  0.819  0.879  0.855  0.789  0.807  0.779  0.772  0.832  0.874  0.838  0.863  0.848  0.829  0.816  0.818  0.799  0.762  0.820  0.836  0.815  0.835  0.820  0.853  0.837  0.822  0.776  0.787  0.829  0.813  0.824  0.745  0.818  0.681  0.797  0.799  0.782  0.759  0.793  0.794  0.770  0.771  0.752  0.742  0.740  0.802  0.780  0.799  0.800  0.702  0.750  0.782  0.701  0.781  0.768  0.734  0.771  0.769  0.753  0.768  0.771  0.774  0.764  0.744  0.733  0.750  0.758  0.721  0.730  0.722  0.515  0.570  0.679  0.730  0.730  0.716  0.727  0.692  0.699  0.722  0.699  0.629  0.708  0.706  0.705  0.693  0.691  0.618  0.683  0.675  0.678  0.692  0.693  0.677  0.679  0.682
0.926  0.825  0.883  0.826  0.817  0.831  0.781  0.903  0.825  0.823  0.907  0.917  0.928  0.941  0.911  0.920  0.912  0.937  0.905  0.917  0.948  0.927  0.813  0.888  0.930  0.926  0.948  0.933  0.942  0.938  0.883  0.882  0.942  0.779  0.959  0.955  0.952  0.935  0.900  0.917  0.951  0.942  0.945  0.952  0.915  0.953  0.961  0.000  0.867  0.956  0.930  0.946  0.952  0.960  0.932  0.933  0.949  0.953  0.938  0.963  0.964  0.926  0.934  0.948  0.949  0.917  0.961  0.920  0.936  0.958  0.889  0.946  0.934  0.926  0.944  0.928  0.947  0.914  0.926  0.931  0.929  0.947  0.890  0.922  0.928  0.937  0.924  0.884  0.915  0.831  0.892  0.904  0.901  0.921  0.922  0.911  0.935  0.880  0.914  0.913  0.899  0.878  0.674  0.851  0.926  0.899  0.873  0.909  0.888  0.911  0.910  0.730  0.880  0.884  0.896  0.800  0.869  0.722  0.875  0.889  0.907  0.858  0.876  0.819  0.872  0.867  0.803  0.831  0.801  0.779  0.847  0.887  0.854  0.883  0.880  0.844  0.834  0.839  0.820  0.778  0.841  0.850  0.830  0.849  0.836  0.868  0.847  0.844  0.804  0.807  0.843  0.832  0.833  0.757  0.832  0.688  0.809  0.811  0.804  0.781  0.803  0.805  0.790  0.785  0.774  0.750  0.756  0.816  0.803  0.811  0.808  0.727  0.769  0.795  0.717  0.797  0.778  0.746  0.789  0.783  0.762  0.785  0.780  0.787  0.773  0.757  0.760  0.761  0.764  0.742  0.749  0.738  0.524  0.582  0.690  0.748  0.743  0.736  0.744  0.702  0.717  0.736  0.713  0.629  0.721  0.717  0.715  0.704  0.710  0.635  0.696  0.692  0.696  0.701  0.703  0.690  0.691  0.698
0.849  0.874  0.867  0.754  0.822  0.897  0.749  0.828  0.773  0.776  0.890  0.877  0.832  0.846  0.818  0.831  0.820  0.844  0.856  0.821  0.893  0.823  0.742  0.809  0.839  0.843  0.864  0.845  0.894  0.876  0.805  0.946  0.890  0.721  0.865  0.854  0.836  0.876  0.946  0.903  0.895  0.863  0.869  0.869  0.831  0.878  0.854  0.867  0.000  0.863  0.847  0.872  0.923  0.919  0.855  0.859  0.870  0.867  0.896  0.906  0.867  0.934  0.847  0.866  0.902  0.833  0.866  0.851  0.906  0.871  0.844  0.878  0.871  0.839  0.918  0.861  0.869  0.906  0.845  0.902  0.899  0.904  0.830  0.861  0.899  0.856  0.842  0.850  0.842  0.783  0.837  0.891  0.814  0.852  0.828  0.871  0.866  0.847  0.866  0.864  0.862  0.893  0.632  0.783  0.830  0.869  0.820  0.831  0.882  0.871  0.829  0.690  0.818  0.794  0.847  0.808  0.840  0.835  0.858  0.837  0.823  0.779  0.810  0.808  0.816  0.834  0.734  0.772  0.739  0.764  0.792  0.807  0.852  0.808  0.802  0.761  0.793  0.796  0.743  0.736  0.782  0.782  0.763  0.776  0.787  0.809  0.784  0.777  0.727  0.727  0.830  0.768  0.768  0.698  0.801  0.630  0.748  0.763  0.742  0.707  0.732  0.747  0.730  0.709  0.714  0.701  0.704  0.747  0.747  0.785  0.780  0.663  0.705  0.747  0.660  0.739  0.734  0.778  0.735  0.727  0.701  0.726  0.754  0.727  0.742  0.700  0.697  0.710  0.735  0.680  0.709  0.663  0.497  0.550  0.712  0.690  0.677  0.674  0.685  0.709  0.675  0.663  0.704  0.574  0.664  0.652  0.664  0.649  0.640  0.586  0.649  0.646  0.651  0.674  0.684  0.616  0.633  0.653
0.919  0.818  0.890  0.822  0.820  0.823  0.787  0.920  0.832  0.837  0.893  0.914  0.930  0.944  0.919  0.930  0.903  0.939  0.914  0.923  0.935  0.927  0.814  0.886  0.932  0.933  0.958  0.931  0.940  0.939  0.900  0.878  0.941  0.773  0.965  0.925  0.924  0.936  0.892  0.912  0.954  0.958  0.960  0.963  0.900  0.960  0.943  0.956  0.863  0.000  0.934  0.942  0.949  0.965  0.942  0.920  0.960  0.940  0.949  0.959  0.964  0.936  0.942  0.963  0.945  0.901  0.955  0.934  0.947  0.956  0.895  0.949  0.921  0.927  0.947  0.922  0.952  0.923  0.909  0.939  0.922  0.952  0.899  0.924  0.921  0.944  0.929  0.872  0.931  0.851  0.884  0.909  0.911  0.938  0.920  0.905  0.932  0.883  0.916  0.931  0.903  0.881  0.664  0.853  0.920  0.902  0.867  0.902  0.881  0.903  0.920  0.722  0.891  0.883  0.899  0.801  0.869  0.718  0.872  0.880  0.912  0.843  0.877  0.818  0.865  0.865  0.800  0.833  0.796  0.755  0.834  0.892  0.842  0.892  0.876  0.849  0.854  0.855  0.835  0.790  0.848  0.874  0.854  0.863  0.857  0.866  0.851  0.849  0.802  0.804  0.855  0.823  0.837  0.744  0.843  0.689  0.819  0.807  0.800  0.777  0.801  0.810  0.811  0.792  0.783  0.759  0.767  0.838  0.819  0.812  0.816  0.719  0.764  0.804  0.705  0.810  0.800  0.751  0.803  0.794  0.768  0.788  0.787  0.790  0.785  0.768  0.775  0.775  0.784  0.739  0.759  0.751  0.523  0.583  0.693  0.758  0.754  0.746  0.755  0.711  0.728  0.730  0.719  0.638  0.733  0.735  0.732  0.718  0.726  0.653  0.717  0.708  0.714  0.713  0.712  0.699  0.707  0.714
0.907  0.810  0.879  0.873  0.831  0.819  0.772  0.902  0.809  0.822  0.886  0.927  0.936  0.930  0.892  0.895  0.919  0.929  0.923  0.913  0.941  0.915  0.830  0.879  0.900  0.914  0.932  0.911  0.923  0.916  0.875  0.865  0.917  0.802  0.944  0.917  0.941  0.918  0.877  0.918  0.938  0.925  0.944  0.966  0.879  0.943  0.925  0.930  0.847  0.934  0.000  0.927  0.942  0.936  0.921  0.909  0.924  0.922  0.923  0.932  0.928  0.912  0.927  0.928  0.930  0.892  0.941  0.911  0.918  0.934  0.871  0.927  0.912  0.883  0.927  0.914  0.915  0.891  0.891  0.913  0.915  0.927  0.882  0.898  0.914  0.926  0.900  0.868  0.907  0.813  0.877  0.889  0.878  0.909  0.901  0.901  0.920  0.880  0.892  0.903  0.879  0.873  0.716  0.841  0.902  0.897  0.855  0.888  0.882  0.901  0.897  0.744  0.871  0.870  0.884  0.784  0.858  0.719  0.862  0.869  0.891  0.829  0.868  0.832  0.865  0.850  0.786  0.819  0.786  0.760  0.848  0.880  0.833  0.866  0.846  0.828  0.824  0.823  0.833  0.763  0.817  0.840  0.810  0.851  0.828  0.851  0.833  0.827  0.790  0.806  0.833  0.814  0.827  0.748  0.837  0.699  0.804  0.801  0.785  0.756  0.794  0.820  0.783  0.809  0.782  0.768  0.762  0.810  0.788  0.796  0.801  0.706  0.767  0.797  0.714  0.792  0.774  0.750  0.786  0.781  0.775  0.773  0.773  0.768  0.777  0.761  0.738  0.751  0.764  0.737  0.748  0.747  0.562  0.612  0.704  0.739  0.737  0.720  0.733  0.712  0.710  0.725  0.715  0.649  0.713  0.708  0.714  0.705  0.705  0.624  0.691  0.686  0.692  0.696  0.704  0.688  0.700  0.696
0.907  0.805  0.874  0.814  0.812  0.827  0.777  0.899  0.836  0.838  0.917  0.913  0.920  0.932  0.909  0.921  0.908  0.930  0.902  0.913  0.933  0.911  0.803  0.875  0.908  0.926  0.944  0.924  0.939  0.923  0.902  0.884  0.929  0.781  0.947  0.940  0.914  0.918  0.887  0.915  0.947  0.933  0.942  0.944  0.916  0.942  0.942  0.946  0.872  0.942  0.927  0.000  0.951  0.957  0.941  0.937  0.940  0.938  0.945  0.953  0.952  0.928  0.930  0.946  0.951  0.902  0.946  0.924  0.943  0.953  0.895  0.947  0.933  0.915  0.951  0.912  0.940  0.923  0.909  0.922  0.926  0.943  0.900  0.915  0.926  0.934  0.913  0.881  0.916  0.829  0.879  0.904  0.890  0.919  0.913  0.914  0.944  0.876  0.915  0.920  0.898  0.886  0.676  0.845  0.909  0.906  0.895  0.918  0.900  0.926  0.898  0.736  0.888  0.885  0.895  0.795  0.862  0.729  0.871  0.884  0.900  0.839  0.882  0.828  0.887  0.863  0.799  0.830  0.790  0.768  0.859  0.878  0.855  0.884  0.870  0.835  0.844  0.846  0.815  0.798  0.837  0.855  0.826  0.851  0.854  0.865  0.847  0.845  0.799  0.811  0.846  0.834  0.826  0.770  0.837  0.689  0.813  0.814  0.800  0.769  0.808  0.807  0.798  0.785  0.778  0.764  0.766  0.817  0.803  0.816  0.818  0.717  0.772  0.814  0.711  0.807  0.787  0.753  0.803  0.794  0.762  0.787  0.781  0.787  0.783  0.759  0.759  0.771  0.781  0.740  0.751  0.741  0.547  0.604  0.713  0.755  0.749  0.743  0.752  0.721  0.725  0.733  0.731  0.640  0.722  0.718  0.726  0.707  0.712  0.632  0.705  0.704  0.704  0.710  0.710  0.687  0.698  0.704
0.914  0.869  0.903  0.830  0.847  0.879  0.797  0.914  0.832  0.835  0.925  0.929  0.918  0.928  0.901  0.909  0.897  0.923  0.931  0.903  0.949  0.918  0.809  0.881  0.908  0.921  0.948  0.920  0.954  0.938  0.889  0.943  0.944  0.778  0.955  0.940  0.932  0.940  0.944  0.940  0.966  0.951  0.958  0.964  0.910  0.960  0.945  0.952  0.923  0.949  0.942  0.951  0.000  0.975  0.946  0.936  0.945  0.941  0.963  0.972  0.950  0.965  0.935  0.953  0.962  0.905  0.953  0.934  0.963  0.953  0.908  0.955  0.937  0.915  0.973  0.929  0.944  0.937  0.904  0.950  0.953  0.964  0.898  0.923  0.948  0.937  0.916  0.900  0.924  0.835  0.896  0.928  0.894  0.928  0.913  0.927  0.946  0.897  0.923  0.933  0.905  0.915  0.682  0.853  0.908  0.921  0.898  0.916  0.934  0.938  0.914  0.737  0.897  0.880  0.910  0.832  0.889  0.796  0.898  0.895  0.904  0.835  0.884  0.846  0.903  0.879  0.795  0.829  0.794  0.786  0.856  0.887  0.881  0.891  0.878  0.850  0.857  0.857  0.829  0.805  0.850  0.865  0.842  0.866  0.856  0.877  0.857  0.846  0.796  0.813  0.869  0.830  0.839  0.751  0.866  0.686  0.830  0.819  0.801  0.767  0.805  0.824  0.805  0.789  0.782  0.765  0.776  0.831  0.814  0.838  0.834  0.713  0.768  0.818  0.715  0.814  0.800  0.803  0.807  0.799  0.774  0.794  0.808  0.790  0.804  0.770  0.761  0.787  0.799  0.743  0.771  0.749  0.545  0.602  0.734  0.763  0.755  0.746  0.759  0.741  0.739  0.732  0.744  0.643  0.730  0.726  0.733  0.722  0.716  0.649  0.715  0.711  0.714  0.727  0.739  0.697  0.709  0.716
0.926  0.858  0.907  0.829  0.839  0.866  0.794  0.918  0.839  0.842  0.922  0.929  0.923  0.941  0.907  0.921  0.909  0.937  0.919  0.915  0.950  0.920  0.818  0.892  0.926  0.932  0.961  0.936  0.955  0.944  0.900  0.925  0.954  0.787  0.961  0.931  0.926  0.940  0.936  0.937  0.960  0.957  0.958  0.959  0.910  0.962  0.952  0.960  0.919  0.965  0.936  0.957  0.975  0.000  0.953  0.938  0.960  0.957  0.964  0.975  0.970  0.973  0.941  0.966  0.967  0.919  0.963  0.943  0.967  0.965  0.916  0.959  0.945  0.932  0.977  0.936  0.954  0.944  0.921  0.955  0.952  0.967  0.910  0.936  0.955  0.954  0.931  0.903  0.932  0.854  0.909  0.934  0.904  0.941  0.927  0.934  0.950  0.901  0.938  0.943  0.921  0.918  0.689  0.864  0.929  0.928  0.892  0.921  0.922  0.931  0.921  0.751  0.905  0.893  0.913  0.829  0.890  0.779  0.904  0.908  0.920  0.860  0.894  0.857  0.890  0.891  0.817  0.846  0.815  0.799  0.865  0.902  0.883  0.900  0.891  0.861  0.867  0.870  0.836  0.813  0.862  0.879  0.859  0.875  0.871  0.884  0.870  0.861  0.810  0.816  0.879  0.848  0.856  0.769  0.867  0.707  0.837  0.833  0.815  0.790  0.823  0.832  0.814  0.802  0.793  0.780  0.786  0.836  0.832  0.844  0.844  0.737  0.786  0.825  0.728  0.821  0.815  0.788  0.818  0.809  0.782  0.805  0.809  0.806  0.810  0.781  0.778  0.794  0.805  0.759  0.776  0.760  0.549  0.609  0.735  0.774  0.767  0.758  0.770  0.748  0.749  0.746  0.752  0.654  0.746  0.747  0.746  0.734  0.731  0.665  0.729  0.723  0.728  0.734  0.740  0.705  0.716  0.727
0.887  0.803  0.868  0.810  0.799  0.807  0.774  0.912  0.843  0.855  0.874  0.891  0.904  0.916  0.900  0.907  0.886  0.912  0.905  0.886  0.912  0.899  0.792  0.860  0.901  0.916  0.952  0.902  0.928  0.912  0.899  0.871  0.918  0.771  0.938  0.906  0.909  0.907  0.879  0.881  0.940  0.944  0.941  0.955  0.882  0.956  0.925  0.932  0.855  0.942  0.921  0.941  0.946  0.953  0.000  0.933  0.945  0.931  0.944  0.945  0.950  0.926  0.926  0.957  0.930  0.874  0.934  0.941  0.947  0.943  0.915  0.936  0.904  0.917  0.945  0.904  0.949  0.914  0.885  0.929  0.922  0.939  0.897  0.909  0.913  0.939  0.912  0.856  0.929  0.851  0.877  0.904  0.884  0.944  0.901  0.886  0.928  0.878  0.912  0.939  0.901  0.878  0.672  0.842  0.904  0.892  0.885  0.904  0.889  0.901  0.914  0.724  0.906  0.879  0.891  0.790  0.860  0.707  0.861  0.874  0.905  0.820  0.895  0.834  0.885  0.853  0.787  0.811  0.791  0.737  0.844  0.887  0.832  0.885  0.878  0.850  0.864  0.860  0.830  0.811  0.850  0.877  0.849  0.873  0.865  0.862  0.856  0.851  0.794  0.817  0.855  0.819  0.834  0.731  0.852  0.682  0.833  0.796  0.789  0.760  0.790  0.816  0.813  0.790  0.775  0.761  0.778  0.835  0.824  0.811  0.814  0.705  0.761  0.815  0.695  0.808  0.808  0.753  0.808  0.786  0.756  0.783  0.791  0.781  0.794  0.779  0.771  0.790  0.797  0.732  0.759  0.759  0.557  0.618  0.709  0.772  0.767  0.757  0.769  0.732  0.749  0.729  0.737  0.663  0.741  0.750  0.740  0.737  0.730  0.663  0.727  0.720  0.724  0.719  0.714  0.701  0.715  0.715
0.873  0.806  0.849  0.793  0.786  0.807  0.749  0.874  0.790  0.806  0.893  0.880  0.887  0.896  0.873  0.879  0.870  0.897  0.880  0.873  0.914  0.883  0.764  0.846  0.881  0.892  0.916  0.891  0.909  0.904  0.861  0.870  0.904  0.758  0.934  0.912  0.903  0.901  0.878  0.881  0.932  0.917  0.912  0.926  0.893  0.936  0.929  0.933  0.859  0.920  0.909  0.937  0.936  0.938  0.933  0.000  0.938  0.918  0.923  0.932  0.941  0.916  0.900  0.927  0.924  0.875  0.925  0.895  0.923  0.920  0.875  0.920  0.903  0.898  0.932  0.904  0.928  0.896  0.875  0.907  0.904  0.924  0.879  0.887  0.900  0.910  0.886  0.853  0.891  0.824  0.905  0.878  0.867  0.907  0.891  0.887  0.925  0.857  0.892  0.901  0.881  0.855  0.644  0.825  0.894  0.890  0.920  0.921  0.901  0.917  0.892  0.716  0.869  0.861  0.875  0.787  0.854  0.723  0.864  0.863  0.891  0.817  0.925  0.852  0.912  0.849  0.776  0.795  0.811  0.748  0.837  0.873  0.830  0.865  0.857  0.832  0.824  0.834  0.796  0.779  0.836  0.844  0.822  0.839  0.835  0.857  0.836  0.829  0.774  0.798  0.839  0.811  0.811  0.744  0.829  0.678  0.813  0.803  0.780  0.750  0.782  0.803  0.775  0.771  0.757  0.745  0.767  0.808  0.794  0.801  0.805  0.696  0.751  0.795  0.692  0.786  0.786  0.749  0.792  0.771  0.746  0.773  0.780  0.773  0.783  0.764  0.750  0.768  0.774  0.723  0.736  0.730  0.532  0.586  0.694  0.752  0.750  0.732  0.742  0.712  0.721  0.722  0.718  0.632  0.723  0.722  0.725  0.719  0.712  0.638  0.703  0.709  0.705  0.707  0.709  0.684  0.693  0.700
0.901  0.814  0.876  0.826  0.812  0.817  0.772  0.911  0.826  0.828  0.887  0.907  0.921  0.926  0.912  0.931  0.905  0.924  0.894  0.895  0.925  0.915  0.793  0.881  0.936  0.917  0.953  0.928  0.935  0.928  0.912  0.881  0.948  0.792  0.940  0.913  0.915  0.916  0.890  0.895  0.941  0.952  0.943  0.948  0.891  0.958  0.929  0.949  0.870  0.960  0.924  0.940  0.945  0.960  0.945  0.938  0.000  0.947  0.947  0.962  0.963  0.934  0.932  0.964  0.942  0.903  0.955  0.943  0.957  0.953  0.909  0.947  0.923  0.940  0.952  0.926  0.965  0.935  0.912  0.948  0.938  0.954  0.913  0.934  0.928  0.943  0.937  0.882  0.937  0.873  0.900  0.924  0.927  0.948  0.929  0.907  0.936  0.907  0.931  0.939  0.927  0.891  0.680  0.867  0.925  0.908  0.883  0.906  0.891  0.915  0.936  0.736  0.905  0.892  0.914  0.804  0.871  0.724  0.882  0.899  0.927  0.862  0.907  0.843  0.876  0.881  0.821  0.849  0.830  0.776  0.853  0.907  0.849  0.901  0.894  0.860  0.867  0.887  0.851  0.817  0.879  0.882  0.864  0.879  0.878  0.886  0.875  0.874  0.831  0.821  0.869  0.835  0.852  0.763  0.858  0.697  0.831  0.823  0.827  0.809  0.823  0.832  0.828  0.813  0.807  0.773  0.778  0.841  0.842  0.828  0.834  0.752  0.792  0.822  0.723  0.817  0.828  0.763  0.817  0.800  0.772  0.810  0.803  0.805  0.804  0.798  0.806  0.794  0.798  0.766  0.780  0.771  0.543  0.611  0.714  0.785  0.773  0.767  0.775  0.737  0.755  0.751  0.741  0.661  0.761  0.750  0.757  0.745  0.753  0.674  0.745  0.742  0.741  0.733  0.726  0.716  0.726  0.730
0.922  0.802  0.875  0.816  0.801  0.808  0.769  0.896  0.829  0.821  0.889  0.918  0.923  0.931  0.905  0.931  0.912  0.921  0.901  0.906  0.931  0.909  0.811  0.896  0.938  0.916  0.947  0.947  0.946  0.919  0.884  0.865  0.943  0.818  0.937  0.920  0.918  0.915  0.886  0.910  0.936  0.938  0.942  0.944  0.895  0.944  0.934  0.953  0.867  0.940  0.922  0.938  0.941  0.957  0.931  0.918  0.947  0.000  0.941  0.952  0.955  0.928  0.929  0.949  0.938  0.930  0.965  0.929  0.946  0.959  0.899  0.948  0.944  0.934  0.946  0.931  0.950  0.925  0.953  0.943  0.950  0.953  0.903  0.949  0.949  0.951  0.947  0.915  0.933  0.852  0.898  0.919  0.919  0.934  0.946  0.932  0.943  0.900  0.938  0.926  0.940  0.912  0.727  0.895  0.944  0.901  0.859  0.899  0.886  0.916  0.914  0.786  0.903  0.899  0.909  0.797  0.867  0.724  0.879  0.911  0.927  0.897  0.877  0.840  0.861  0.885  0.840  0.863  0.847  0.814  0.871  0.906  0.869  0.890  0.880  0.852  0.850  0.858  0.838  0.799  0.862  0.862  0.843  0.865  0.860  0.886  0.866  0.879  0.847  0.822  0.872  0.857  0.867  0.788  0.847  0.710  0.827  0.840  0.840  0.828  0.831  0.838  0.816  0.821  0.811  0.791  0.791  0.829  0.830  0.827  0.836  0.770  0.816  0.827  0.757  0.820  0.804  0.762  0.812  0.808  0.791  0.813  0.793  0.820  0.793  0.782  0.788  0.786  0.787  0.782  0.779  0.769  0.549  0.606  0.712  0.772  0.760  0.766  0.770  0.727  0.744  0.761  0.737  0.656  0.745  0.741  0.736  0.726  0.735  0.663  0.726  0.718  0.721  0.724  0.723  0.716  0.718  0.717
